%YAML:1.0
aruco_bc_nmarkers: 25
aruco_bc_mInfoType: 1
aruco_bc_markers:
   - { id:000, corners:[ [ -0.29, -0.29, 0. ], [ -0.19, -0.29, 0. ], [ -0.19, -0.19, 0. ], [ -0.29, -0.19, 0. ] ] }

   - { id:001, corners:[ [ -0.17, -0.29, 0. ], [ -0.07, -0.29, 0. ], [ -0.07, -0.19, 0. ], [ -0.17, -0.19, 0. ] ] }

   - { id:002, corners:[ [ -0.05, -0.29, 0. ], [ 0.05, -0.29, 0. ], [ 0.05, -0.19, 0. ], [ -0.05, -0.19, 0. ] ] }

   - { id:003, corners:[ [ 0.07, -0.29, 0. ], [ 0.17, -0.29, 0. ], [ 0.17, -0.19, 0. ], [ 0.07, -0.19, 0. ] ] }

   - { id:004, corners:[ [ 0.19, -0.29, 0. ], [ 0.29, -0.29, 0. ], [ 0.29, -0.19, 0. ], [ 0.19, -0.19, 0. ] ] }

   - { id:005, corners:[ [ -0.29, -0.17, 0. ], [ -0.19, -0.17, 0. ], [ -0.19, -0.07, 0. ], [ -0.29, -0.07, 0. ] ] }

   - { id:006, corners:[ [ -0.17, -0.17, 0. ], [ -0.07, -0.17, 0. ], [-0.07, -0.07, 0. ], [ -0.17, -0.07, 0. ] ] }

   - { id:007, corners:[ [ -0.05, -0.17, 0. ], [ 0.05, -0.17, 0. ], [ 0.05, -0.07, 0. ], [ -0.05, -0.07, 0. ] ] }

   - { id:008, corners:[ [ 0.07, -0.17, 0. ], [ 0.17, -0.17, 0. ], [ 0.17, -0.07, 0. ], [ 0.07, -0.07, 0. ] ] }

   - { id:009, corners:[ [ 0.19, -0.17, 0. ], [ 0.29, -0.17, 0. ], [ 0.29, -0.07, 0. ], [ 0.19, -0.07, 0. ] ] }

   - { id:010, corners:[ [ -0.29, -0.05, 0. ], [ -0.19, -0.05, 0. ], [ -0.19, 0.05, 0. ], [ -0.29, 0.05, 0. ] ] }

   - { id:011, corners:[ [ -0.17, -0.05, 0. ], [ -0.07, -0.05, 0. ], [ -0.07, 0.05, 0. ], [ -0.17, 0.05, 0. ] ] }

   - { id:088, corners:[ [ -0.05, -0.05, 0. ], [ 0.05, -0.05, 0. ], [ 0.05, 0.05, 0. ], [ -0.05, 0.05, 0. ] ] }

   - { id:013, corners:[ [ 0.07, -0.05, 0. ], [ 0.17, -0.05, 0. ], [ 0.17, 0.05, 0. ], [ 0.07, 0.05, 0. ] ] }

   - { id:014, corners:[ [ 0.19, -0.05, 0. ], [ 0.29, -0.05, 0. ], [ 0.29, 0.05, 0. ], [ 0.19, 0.05, 0. ] ] }

   - { id:015, corners:[ [ -0.29, 0.07, 0. ], [ -0.19, 0.07, 0. ], [ -0.19, 0.17, 0. ], [ -0.29, 0.17, 0. ] ] }

   - { id:016, corners:[ [ -0.17, 0.07, 0. ], [ -0.07, 0.07, 0. ], [ -0.07, 0.17, 0. ], [ -0.17, 0.17, 0. ] ] }

   - { id:017, corners:[ [ -0.05, 0.07, 0. ], [ 0.05, 0.07, 0. ], [ 0.05, 0.17, 0. ], [ -0.05, 0.17, 0. ] ] }

   - { id:018, corners:[ [ 0.07, 0.07, 0. ], [ 0.17, 0.07, 0. ], [ 0.17, 0.17, 0. ], [ 0.07, +0.17, 0. ] ] }

   - { id:019, corners:[ [ 0.19, 0.07, 0. ], [ 0.29, 0.07, 0. ], [ 0.29, 0.17, 0. ], [ 0.19, 0.17, 0. ] ] }

   - { id:020, corners:[ [ -0.29, 0.19, 0. ], [ -0.19, 0.19, 0. ], [ -0.19, 0.29, 0. ], [ -0.29, 0.29, 0. ] ] }

   - { id:021, corners:[ [ -0.17, 0.19, 0. ], [ -0.07, 0.19, 0. ], [ -0.07, 0.29, 0. ], [ -0.17, 0.29, 0. ] ] }

   - { id:022, corners:[ [ -0.05, 0.19, 0. ], [ 0.05, 0.19, 0. ], [ 0.05, 0.29, 0. ], [ -0.05, 0.29, 0. ] ] }

   - { id:023, corners:[ [ 0.07, 0.19, 0. ], [ 0.17, 0.19, 0. ], [ 0.17, 0.29, 0. ], [ 0.07, 0.29, 0. ] ] }

   - { id:024, corners:[ [ 0.19, 0.19, 0. ], [ 0.29, 0.19, 0. ], [ 0.29, 0.29, 0. ], [ 0.19, 0.29, 0. ] ] }


